0000000000000000000000000200
0000000000000000000000000292
0000000000000000000000000146
0000000000000000000000000066
0000000000000000000000000273
0000000000000000000000000132
0000000000000000000000000291
0000000000000000000000000048
0000000000000000000000000103
0000000000000000000000000186
0000000000000000000000000293
0000000000000000000000000189
0000000000000000000000000083
0000000000000000000000000279
0000000000000000000000000017
0000000000000000000000000182
0000000000000000000000000038
0000000000000000000000000021
0000000000000000000000000276
0000000000000000000000000044
0000000000000000000000000114
0000000000000000000000000019
0000000000000000000000000096
0000000000000000000000000233
0000000000000000000000000064
0000000000000000000000000173
0000000000000000000000000310
0000000000000000000000000301
0000000000000000000000000307
0000000000000000000000000068
0000000000000000000000000296
0000000000000000000000000095
0000000000000000000000000282
0000000000000000000000000142
0000000000000000000000000288
0000000000000000000000000205
0000000000000000000000000251
0000000000000000000000000314
0000000000000000000000000204
0000000000000000000000000321
0000000000000000000000000212
0000000000000000000000000286
0000000000000000000000000129
0000000000000000000000000234
0000000000000000000000000084
0000000000000000000000000290
0000000000000000000000000247
0000000000000000000000000003
0000000000000000000000000268
0000000000000000000000000062
0000000000000000000000000002
0000000000000000000000000119
0000000000000000000000000300
0000000000000000000000000175
0000000000000000000000000117
0000000000000000000000000098
0000000000000000000000000145
0000000000000000000000000072
0000000000000000000000000194
0000000000000000000000000323
0000000000000000000000000250
0000000000000000000000000191
0000000000000000000000000022
0000000000000000000000000226
0000000000000000000000000073
0000000000000000000000000047
0000000000000000000000000176
0000000000000000000000000222
0000000000000000000000000079
0000000000000000000000000081
0000000000000000000000000123
0000000000000000000000000306
0000000000000000000000000104
0000000000000000000000000069
0000000000000000000000000090
0000000000000000000000000269
0000000000000000000000000153
0000000000000000000000000169
0000000000000000000000000086
0000000000000000000000000302
0000000000000000000000000319
0000000000000000000000000255
0000000000000000000000000197
0000000000000000000000000172
0000000000000000000000000209
0000000000000000000000000127
0000000000000000000000000184
0000000000000000000000000113
0000000000000000000000000014
0000000000000000000000000275
0000000000000000000000000085
0000000000000000000000000102
0000000000000000000000000057
0000000000000000000000000265
0000000000000000000000000263
0000000000000000000000000074
0000000000000000000000000206
0000000000000000000000000299
0000000000000000000000000317
0000000000000000000000000046
0000000000000000000000000097
0000000000000000000000000308
0000000000000000000000000001
0000000000000000000000000105
0000000000000000000000000210
0000000000000000000000000235
0000000000000000000000000329
0000000000000000000000000190
0000000000000000000000000013
0000000000000000000000000284
0000000000000000000000000007
0000000000000000000000000213
0000000000000000000000000318
0000000000000000000000000244
0000000000000000000000000216
0000000000000000000000000126
0000000000000000000000000025
0000000000000000000000000050
0000000000000000000000000217
0000000000000000000000000118
0000000000000000000000000063
0000000000000000000000000262
0000000000000000000000000221
0000000000000000000000000241
0000000000000000000000000158
0000000000000000000000000141
0000000000000000000000000163
0000000000000000000000000243
0000000000000000000000000061
0000000000000000000000000101
0000000000000000000000000202
0000000000000000000000000280
0000000000000000000000000088
0000000000000000000000000093
0000000000000000000000000112
0000000000000000000000000166
0000000000000000000000000238
0000000000000000000000000305
0000000000000000000000000253
0000000000000000000000000034
0000000000000000000000000195
0000000000000000000000000154
0000000000000000000000000277
0000000000000000000000000230
0000000000000000000000000304
0000000000000000000000000294
0000000000000000000000000289
0000000000000000000000000240
0000000000000000000000000043
0000000000000000000000000082
0000000000000000000000000207
0000000000000000000000000185
0000000000000000000000000248
0000000000000000000000000028
0000000000000000000000000254
0000000000000000000000000078
0000000000000000000000000259
0000000000000000000000000198
0000000000000000000000000271
0000000000000000000000000065
0000000000000000000000000320
0000000000000000000000000272
0000000000000000000000000211
0000000000000000000000000115
0000000000000000000000000249
0000000000000000000000000179
0000000000000000000000000327
0000000000000000000000000051
0000000000000000000000000164
0000000000000000000000000281
0000000000000000000000000168
0000000000000000000000000089
0000000000000000000000000040
0000000000000000000000000252
0000000000000000000000000116
0000000000000000000000000242
0000000000000000000000000016
0000000000000000000000000218
0000000000000000000000000151
0000000000000000000000000150
0000000000000000000000000076
0000000000000000000000000049
0000000000000000000000000092
0000000000000000000000000067
0000000000000000000000000131
0000000000000000000000000009
0000000000000000000000000274
0000000000000000000000000270
0000000000000000000000000099
0000000000000000000000000033
0000000000000000000000000266
0000000000000000000000000024
0000000000000000000000000137
0000000000000000000000000188
0000000000000000000000000159
0000000000000000000000000004
0000000000000000000000000106
0000000000000000000000000015
0000000000000000000000000232
0000000000000000000000000193
0000000000000000000000000121
0000000000000000000000000152
0000000000000000000000000257
0000000000000000000000000224
0000000000000000000000000080
0000000000000000000000000156
0000000000000000000000000215
0000000000000000000000000012
0000000000000000000000000087
0000000000000000000000000054
0000000000000000000000000298
0000000000000000000000000029
0000000000000000000000000237
0000000000000000000000000045
0000000000000000000000000245
0000000000000000000000000297
0000000000000000000000000027
0000000000000000000000000111
0000000000000000000000000180
0000000000000000000000000229
0000000000000000000000000208
0000000000000000000000000108
0000000000000000000000000295
0000000000000000000000000239
0000000000000000000000000071
0000000000000000000000000196
0000000000000000000000000312
0000000000000000000000000311
0000000000000000000000000181
0000000000000000000000000285
0000000000000000000000000162
0000000000000000000000000052
0000000000000000000000000120
0000000000000000000000000178
0000000000000000000000000041
0000000000000000000000000042
0000000000000000000000000203
0000000000000000000000000147
0000000000000000000000000201
0000000000000000000000000192
0000000000000000000000000058
0000000000000000000000000161
0000000000000000000000000313
0000000000000000000000000000
0000000000000000000000000258
0000000000000000000000000177
0000000000000000000000000053
0000000000000000000000000199
0000000000000000000000000130
0000000000000000000000000056
0000000000000000000000000128
0000000000000000000000000109
0000000000000000000000000077
0000000000000000000000000256
0000000000000000000000000039
0000000000000000000000000011
0000000000000000000000000006
0000000000000000000000000035
0000000000000000000000000018
0000000000000000000000000023
0000000000000000000000000283
0000000000000000000000000324
0000000000000000000000000030
0000000000000000000000000008
0000000000000000000000000110
0000000000000000000000000144
0000000000000000000000000228
0000000000000000000000000107
0000000000000000000000000124
0000000000000000000000000059
0000000000000000000000000264
0000000000000000000000000309
0000000000000000000000000143
0000000000000000000000000055
0000000000000000000000000020
0000000000000000000000000139
0000000000000000000000000214
0000000000000000000000000330
0000000000000000000000000149
0000000000000000000000000165
0000000000000000000000000174
0000000000000000000000000246
0000000000000000000000000187
0000000000000000000000000278
0000000000000000000000000267
0000000000000000000000000036
0000000000000000000000000155
0000000000000000000000000160
0000000000000000000000000325
0000000000000000000000000100
0000000000000000000000000091
0000000000000000000000000125
0000000000000000000000000037
0000000000000000000000000010
0000000000000000000000000032
0000000000000000000000000148
0000000000000000000000000094
0000000000000000000000000005
0000000000000000000000000171
0000000000000000000000000157
0000000000000000000000000326
0000000000000000000000000133
0000000000000000000000000316
0000000000000000000000000328
0000000000000000000000000070
0000000000000000000000000223
0000000000000000000000000231
0000000000000000000000000031
0000000000000000000000000136
0000000000000000000000000140
0000000000000000000000000135
0000000000000000000000000167
0000000000000000000000000303
0000000000000000000000000236
0000000000000000000000000261
0000000000000000000000000026
0000000000000000000000000060
0000000000000000000000000332
0000000000000000000000000225
0000000000000000000000000220
0000000000000000000000000227
0000000000000000000000000134
0000000000000000000000000183
0000000000000000000000000075
0000000000000000000000000287
0000000000000000000000000122
0000000000000000000000000331
0000000000000000000000000315
0000000000000000000000000138
0000000000000000000000000322
0000000000000000000000000260
0000000000000000000000000219
0000000000000000000000000170
