0101000000
0101010000
0101020000
0101030000
0101040000
0102000000
0102010000
0102020000
0102030000
0102040000
0201000000
0201010001
0201010102
0201010103
0201010104
0201010102
0201010002
0201010203
0201010204
0201010103
0201010203
0201010003
0201010304
0201010104
0201010204
0201010304
0201010004
0201020001
0201020102
0201020103
0201020104
0201020102
0201020002
0201020203
0201020204
0201020103
0201020203
0201020003
0201020304
0201020104
0201020204
0201020304
0201020004
0201030001
0201030102
0201030103
0201030104
0201030102
0201030002
0201030203
0201030204
0201030103
0201030203
0201030003
0201030304
0201030104
0201030204
0201030304
0201030004
0201040000
0202000000
0202010001
0202010102
0202010103
0202010104
0202010102
0202010002
0202010203
0202010204
0202010103
0202010203
0202010003
0202010304
0202010104
0202010204
0202010304
0202010004
0202020001
0202020102
0202020103
0202020104
0202020102
0202020002
0202020203
0202020204
0202020103
0202020203
0202020003
0202020304
0202020104
0202020204
0202020304
0202020004
0202030001
0202030102
0202030103
0202030104
0202030102
0202030002
0202030203
